[2022/07/18 11:25:40] - Namespace(attack='fgsm', attack_iters=10, batch_size=128, chkpt_iters=10, cutout=True, cutout_len=10, data_dir='../cifar-data', dropout=0, epochs=200, epsilon=8, eval=False, fgsm_alpha=0.875, fgsm_init='random', fname='experiments/cifar10_fgsm_mixup/preactresnet18_1.0', half=False, l1=0, l2=0, lr_drop_epoch=100, lr_max=0.1, lr_one_drop=0.01, lr_schedule='piecewise', mixup=True, mixup_alpha=1.0, model='PreActResNet18', norm='l_inf', pgd_alpha=2, restarts=1, resume=0, seed=0, val=False, width_factor=10)
[2022/07/18 11:25:50] - Epoch 	 Train Time 	 Test Time 	 LR 	 	 Train Loss 	 Train Acc 	 Train Robust Loss 	 Train Robust Acc 	 Test Loss 	 Test Acc 	 Test Robust Loss 	 Test Robust Acc
[2022/07/18 11:27:17] - 0 	 48.3 	 	 39.0 	 	 0.1000 	 2.0686 	 0.2066 	 2.1748 	 	 0.1277 	 	 1.8181 	 0.3431 	 2.1061 	 	 0.2077
[2022/07/18 11:28:41] - 1 	 44.3 	 	 38.7 	 	 0.1000 	 1.9609 	 0.2454 	 2.0858 	 	 0.1481 	 	 1.6218 	 0.4311 	 2.0445 	 	 0.2328
[2022/07/18 11:30:04] - 2 	 44.4 	 	 38.6 	 	 0.1000 	 1.9096 	 0.2673 	 2.0521 	 	 0.1515 	 	 1.7348 	 0.3962 	 2.1206 	 	 0.2280
[2022/07/18 11:31:27] - 3 	 44.3 	 	 38.6 	 	 0.1000 	 1.8735 	 0.2666 	 2.0220 	 	 0.1411 	 	 1.5193 	 0.4840 	 2.0017 	 	 0.2423
[2022/07/18 11:32:50] - 4 	 44.4 	 	 38.6 	 	 0.1000 	 1.8250 	 0.2917 	 1.9939 	 	 0.1542 	 	 1.4581 	 0.5209 	 1.9136 	 	 0.2827
[2022/07/18 11:34:13] - 5 	 44.3 	 	 38.7 	 	 0.1000 	 1.7668 	 0.2882 	 1.9450 	 	 0.1419 	 	 1.4091 	 0.5447 	 1.9507 	 	 0.2599
[2022/07/18 11:35:36] - 6 	 44.4 	 	 38.6 	 	 0.1000 	 1.7677 	 0.3075 	 1.9513 	 	 0.1483 	 	 1.2971 	 0.5818 	 1.8984 	 	 0.2884
[2022/07/18 11:36:59] - 7 	 44.5 	 	 38.6 	 	 0.1000 	 1.7254 	 0.3195 	 1.9201 	 	 0.1502 	 	 1.2764 	 0.5823 	 1.9001 	 	 0.2988
[2022/07/18 11:38:22] - 8 	 44.2 	 	 38.6 	 	 0.1000 	 1.7283 	 0.3453 	 1.9336 	 	 0.1655 	 	 1.4443 	 0.5591 	 1.9473 	 	 0.2728
[2022/07/18 11:39:45] - 9 	 44.4 	 	 38.6 	 	 0.1000 	 1.7085 	 0.3387 	 1.9219 	 	 0.1573 	 	 1.3807 	 0.5878 	 1.8484 	 	 0.3034
[2022/07/18 11:41:09] - 10 	 44.4 	 	 38.6 	 	 0.1000 	 1.6670 	 0.3309 	 1.8774 	 	 0.1551 	 	 1.1053 	 0.6579 	 1.8509 	 	 0.2963
[2022/07/18 11:42:32] - 11 	 44.5 	 	 38.6 	 	 0.1000 	 1.6744 	 0.3423 	 1.8884 	 	 0.1604 	 	 1.1052 	 0.6791 	 1.9136 	 	 0.2725
[2022/07/18 11:43:55] - 12 	 44.3 	 	 38.6 	 	 0.1000 	 1.6542 	 0.3239 	 1.8611 	 	 0.1441 	 	 1.2959 	 0.6171 	 1.9487 	 	 0.2679
[2022/07/18 11:45:18] - 13 	 44.3 	 	 38.6 	 	 0.1000 	 1.6566 	 0.3647 	 1.8850 	 	 0.1714 	 	 1.4821 	 0.5552 	 2.0300 	 	 0.2591
[2022/07/18 11:46:41] - 14 	 44.2 	 	 38.6 	 	 0.1000 	 1.6517 	 0.3474 	 1.8693 	 	 0.1589 	 	 1.3172 	 0.5975 	 1.9843 	 	 0.2814
[2022/07/18 11:48:04] - 15 	 44.3 	 	 38.6 	 	 0.1000 	 1.6434 	 0.3505 	 1.8650 	 	 0.1616 	 	 1.1785 	 0.6567 	 1.7946 	 	 0.3266
[2022/07/18 11:49:27] - 16 	 44.3 	 	 38.6 	 	 0.1000 	 1.6408 	 0.3591 	 1.8689 	 	 0.1673 	 	 1.2468 	 0.6429 	 2.0149 	 	 0.2680
[2022/07/18 11:50:50] - 17 	 44.3 	 	 38.6 	 	 0.1000 	 1.5949 	 0.3570 	 1.8260 	 	 0.1687 	 	 1.1595 	 0.6715 	 1.9943 	 	 0.2502
[2022/07/18 11:52:13] - 18 	 44.3 	 	 38.6 	 	 0.1000 	 1.6034 	 0.3720 	 1.8433 	 	 0.1732 	 	 1.0544 	 0.6904 	 1.8172 	 	 0.3260
[2022/07/18 11:53:36] - 19 	 44.3 	 	 38.6 	 	 0.1000 	 1.5927 	 0.3632 	 1.8251 	 	 0.1670 	 	 1.3943 	 0.5702 	 2.0870 	 	 0.2400
[2022/07/18 11:54:59] - 20 	 44.4 	 	 38.6 	 	 0.1000 	 1.6078 	 0.3512 	 1.8373 	 	 0.1542 	 	 1.3029 	 0.6240 	 1.8966 	 	 0.2932
[2022/07/18 11:56:22] - 21 	 44.3 	 	 38.6 	 	 0.1000 	 1.5795 	 0.3668 	 1.8144 	 	 0.1716 	 	 1.1974 	 0.6648 	 1.8100 	 	 0.3316
[2022/07/18 11:57:45] - 22 	 44.3 	 	 38.6 	 	 0.1000 	 1.6064 	 0.3666 	 1.8371 	 	 0.1703 	 	 1.1234 	 0.6947 	 1.8422 	 	 0.3064
[2022/07/18 11:59:08] - 23 	 44.3 	 	 38.6 	 	 0.1000 	 1.5992 	 0.3747 	 1.8391 	 	 0.1717 	 	 1.0243 	 0.6902 	 1.8224 	 	 0.3402
[2022/07/18 12:00:31] - 24 	 44.3 	 	 38.6 	 	 0.1000 	 1.6125 	 0.3811 	 1.8498 	 	 0.1750 	 	 1.2103 	 0.6511 	 1.9028 	 	 0.2854
[2022/07/18 12:01:54] - 25 	 44.3 	 	 38.6 	 	 0.1000 	 1.5717 	 0.3612 	 1.8058 	 	 0.1703 	 	 1.0476 	 0.7122 	 1.8595 	 	 0.2975
[2022/07/18 12:03:17] - 26 	 44.3 	 	 38.6 	 	 0.1000 	 1.5611 	 0.3717 	 1.8033 	 	 0.1777 	 	 1.1632 	 0.6619 	 1.8629 	 	 0.3107
[2022/07/18 12:04:40] - 27 	 44.3 	 	 38.7 	 	 0.1000 	 1.5535 	 0.3835 	 1.8060 	 	 0.1783 	 	 0.9885 	 0.7250 	 1.8710 	 	 0.2900
[2022/07/18 12:06:03] - 28 	 44.3 	 	 38.6 	 	 0.1000 	 1.5868 	 0.3621 	 1.8169 	 	 0.1644 	 	 1.2527 	 0.6351 	 1.8846 	 	 0.3069
[2022/07/18 12:07:26] - 29 	 44.3 	 	 38.6 	 	 0.1000 	 1.6198 	 0.3662 	 1.8504 	 	 0.1662 	 	 1.1719 	 0.6919 	 1.9287 	 	 0.2682
[2022/07/18 12:08:49] - 30 	 44.2 	 	 38.6 	 	 0.1000 	 1.5603 	 0.3982 	 1.8117 	 	 0.1910 	 	 1.1792 	 0.6575 	 1.8159 	 	 0.3217
[2022/07/18 12:10:12] - 31 	 44.3 	 	 38.6 	 	 0.1000 	 1.5728 	 0.3659 	 1.8124 	 	 0.1688 	 	 1.0686 	 0.7105 	 1.8125 	 	 0.3294
[2022/07/18 12:11:35] - 32 	 44.3 	 	 38.6 	 	 0.1000 	 1.5440 	 0.3721 	 1.7871 	 	 0.1747 	 	 1.2823 	 0.6223 	 1.8780 	 	 0.3066
[2022/07/18 12:12:58] - 33 	 44.4 	 	 38.6 	 	 0.1000 	 1.5532 	 0.3649 	 1.7907 	 	 0.1705 	 	 1.1022 	 0.7184 	 1.8086 	 	 0.3249
[2022/07/18 12:14:21] - 34 	 44.2 	 	 38.6 	 	 0.1000 	 1.5431 	 0.3749 	 1.7889 	 	 0.1748 	 	 1.1281 	 0.7010 	 1.7855 	 	 0.3326
[2022/07/18 12:15:44] - 35 	 44.3 	 	 38.6 	 	 0.1000 	 1.5610 	 0.3973 	 1.8110 	 	 0.1891 	 	 1.0963 	 0.6928 	 1.7580 	 	 0.3424
[2022/07/18 12:17:07] - 36 	 44.2 	 	 38.6 	 	 0.1000 	 1.5283 	 0.3960 	 1.7872 	 	 0.1904 	 	 0.9223 	 0.7460 	 1.7624 	 	 0.3337
[2022/07/18 12:18:30] - 37 	 44.5 	 	 38.6 	 	 0.1000 	 1.5540 	 0.3863 	 1.7978 	 	 0.1812 	 	 1.1061 	 0.7056 	 1.8444 	 	 0.3228
[2022/07/18 12:19:53] - 38 	 44.2 	 	 38.6 	 	 0.1000 	 1.5302 	 0.3643 	 1.7748 	 	 0.1648 	 	 1.0127 	 0.7107 	 1.8824 	 	 0.2996
[2022/07/18 12:21:15] - 39 	 44.3 	 	 38.6 	 	 0.1000 	 1.5412 	 0.4064 	 1.8009 	 	 0.1959 	 	 1.0389 	 0.7073 	 1.8227 	 	 0.3228
[2022/07/18 12:22:39] - 40 	 44.5 	 	 38.6 	 	 0.1000 	 1.5543 	 0.3775 	 1.7907 	 	 0.1737 	 	 1.0575 	 0.7006 	 1.7667 	 	 0.3335
[2022/07/18 12:24:02] - 41 	 44.2 	 	 38.7 	 	 0.1000 	 1.5498 	 0.3998 	 1.7994 	 	 0.1907 	 	 1.0296 	 0.6825 	 1.7295 	 	 0.3652
[2022/07/18 12:25:25] - 42 	 44.3 	 	 38.6 	 	 0.1000 	 1.5365 	 0.3857 	 1.7841 	 	 0.1804 	 	 1.0934 	 0.7266 	 1.8175 	 	 0.3214
[2022/07/18 12:26:48] - 43 	 44.4 	 	 38.6 	 	 0.1000 	 1.5538 	 0.3719 	 1.7865 	 	 0.1715 	 	 1.0906 	 0.6929 	 1.7550 	 	 0.3427
[2022/07/18 12:28:11] - 44 	 44.3 	 	 38.6 	 	 0.1000 	 1.5188 	 0.3824 	 1.7648 	 	 0.1794 	 	 1.2724 	 0.6378 	 1.8974 	 	 0.2990
[2022/07/18 12:29:34] - 45 	 44.2 	 	 38.6 	 	 0.1000 	 1.5455 	 0.3787 	 1.7996 	 	 0.1728 	 	 1.1213 	 0.6881 	 1.8289 	 	 0.3196
[2022/07/18 12:30:57] - 46 	 44.3 	 	 38.6 	 	 0.1000 	 1.5088 	 0.3846 	 1.7594 	 	 0.1848 	 	 1.0318 	 0.7203 	 1.7887 	 	 0.3370
[2022/07/18 12:32:20] - 47 	 44.3 	 	 38.6 	 	 0.1000 	 1.5361 	 0.3872 	 1.7817 	 	 0.1852 	 	 0.9596 	 0.7293 	 1.8258 	 	 0.3208
[2022/07/18 12:33:42] - 48 	 44.2 	 	 38.6 	 	 0.1000 	 1.5197 	 0.3959 	 1.7740 	 	 0.1904 	 	 1.0725 	 0.7174 	 1.7965 	 	 0.3218
[2022/07/18 12:35:05] - 49 	 44.2 	 	 38.7 	 	 0.1000 	 1.5322 	 0.4014 	 1.7890 	 	 0.1954 	 	 1.0860 	 0.7013 	 1.8399 	 	 0.3113
[2022/07/18 12:36:29] - 50 	 44.4 	 	 38.6 	 	 0.1000 	 1.5381 	 0.3960 	 1.7918 	 	 0.1877 	 	 0.9656 	 0.7292 	 1.7228 	 	 0.3590
[2022/07/18 12:37:52] - 51 	 44.3 	 	 38.6 	 	 0.1000 	 1.5216 	 0.3989 	 1.7762 	 	 0.1951 	 	 1.0788 	 0.7129 	 1.7807 	 	 0.3242
[2022/07/18 12:39:15] - 52 	 44.2 	 	 38.6 	 	 0.1000 	 1.5256 	 0.3665 	 1.7605 	 	 0.1736 	 	 1.1493 	 0.6923 	 1.8592 	 	 0.3106
[2022/07/18 12:40:38] - 53 	 44.4 	 	 38.6 	 	 0.1000 	 1.5530 	 0.4112 	 1.8139 	 	 0.1950 	 	 1.0905 	 0.6849 	 1.8410 	 	 0.3218
[2022/07/18 12:42:01] - 54 	 44.3 	 	 38.6 	 	 0.1000 	 1.5551 	 0.3882 	 1.8010 	 	 0.1822 	 	 1.0606 	 0.6996 	 1.8629 	 	 0.3043
[2022/07/18 12:43:24] - 55 	 44.3 	 	 38.6 	 	 0.1000 	 1.5427 	 0.3961 	 1.8007 	 	 0.1807 	 	 1.1516 	 0.6795 	 1.7941 	 	 0.3411
[2022/07/18 12:44:47] - 56 	 44.3 	 	 38.7 	 	 0.1000 	 1.5263 	 0.3793 	 1.7754 	 	 0.1772 	 	 1.0996 	 0.7076 	 1.8850 	 	 0.2905
[2022/07/18 12:46:10] - 57 	 44.5 	 	 38.6 	 	 0.1000 	 1.5421 	 0.3916 	 1.7915 	 	 0.1801 	 	 1.1049 	 0.6945 	 1.8153 	 	 0.3305
[2022/07/18 12:47:33] - 58 	 44.2 	 	 38.6 	 	 0.1000 	 1.4932 	 0.4072 	 1.7516 	 	 0.2005 	 	 1.0969 	 0.7258 	 1.7798 	 	 0.3289
[2022/07/18 12:48:56] - 59 	 44.3 	 	 38.7 	 	 0.1000 	 1.5308 	 0.3856 	 1.7765 	 	 0.1821 	 	 1.1820 	 0.6720 	 1.8312 	 	 0.3228
[2022/07/18 12:50:19] - 60 	 44.3 	 	 38.6 	 	 0.1000 	 1.5316 	 0.3947 	 1.7882 	 	 0.1883 	 	 1.1120 	 0.6848 	 1.8114 	 	 0.3285
[2022/07/18 12:51:42] - 61 	 44.2 	 	 38.6 	 	 0.1000 	 1.5082 	 0.3909 	 1.7641 	 	 0.1870 	 	 1.0801 	 0.6880 	 1.8446 	 	 0.3136
[2022/07/18 12:53:05] - 62 	 44.3 	 	 38.6 	 	 0.1000 	 1.4760 	 0.3888 	 1.7245 	 	 0.1888 	 	 0.9082 	 0.7498 	 1.8957 	 	 0.3006
[2022/07/18 12:54:28] - 63 	 44.3 	 	 38.6 	 	 0.1000 	 1.5150 	 0.4111 	 1.7841 	 	 0.1971 	 	 0.9903 	 0.7408 	 1.7310 	 	 0.3522
[2022/07/18 12:55:51] - 64 	 44.3 	 	 38.6 	 	 0.1000 	 1.4991 	 0.4021 	 1.7615 	 	 0.1931 	 	 1.0393 	 0.7026 	 1.8712 	 	 0.3077
[2022/07/18 12:57:14] - 65 	 44.3 	 	 38.6 	 	 0.1000 	 1.5551 	 0.3878 	 1.8056 	 	 0.1762 	 	 1.0117 	 0.7177 	 1.8933 	 	 0.3123
[2022/07/18 12:58:37] - 66 	 44.4 	 	 38.6 	 	 0.1000 	 1.5369 	 0.4055 	 1.7940 	 	 0.1894 	 	 1.1931 	 0.6592 	 1.8634 	 	 0.3102
[2022/07/18 12:59:59] - 67 	 44.3 	 	 38.6 	 	 0.1000 	 1.5431 	 0.3966 	 1.7893 	 	 0.1865 	 	 1.1155 	 0.7126 	 1.9045 	 	 0.2825
[2022/07/18 13:01:22] - 68 	 44.3 	 	 38.7 	 	 0.1000 	 1.5351 	 0.3766 	 1.7757 	 	 0.1748 	 	 1.0043 	 0.6969 	 1.9505 	 	 0.3114
[2022/07/18 13:02:45] - 69 	 44.3 	 	 38.6 	 	 0.1000 	 1.5269 	 0.3984 	 1.7853 	 	 0.1893 	 	 1.0603 	 0.7111 	 1.8284 	 	 0.3197
[2022/07/18 13:04:09] - 70 	 44.3 	 	 38.6 	 	 0.1000 	 1.5373 	 0.4233 	 1.7992 	 	 0.2062 	 	 1.0453 	 0.7085 	 1.7469 	 	 0.3530
[2022/07/18 13:05:32] - 71 	 44.6 	 	 38.6 	 	 0.1000 	 1.5353 	 0.3718 	 1.7705 	 	 0.1715 	 	 1.0904 	 0.7192 	 1.9421 	 	 0.2734
[2022/07/18 13:06:55] - 72 	 44.3 	 	 38.6 	 	 0.1000 	 1.5377 	 0.3897 	 1.7857 	 	 0.1854 	 	 1.0464 	 0.7319 	 1.8427 	 	 0.3158
[2022/07/18 13:08:18] - 73 	 44.3 	 	 38.6 	 	 0.1000 	 1.5239 	 0.4050 	 1.7836 	 	 0.1944 	 	 0.9363 	 0.7482 	 1.8158 	 	 0.3153
[2022/07/18 13:09:41] - 74 	 44.2 	 	 38.6 	 	 0.1000 	 1.4907 	 0.3997 	 1.7492 	 	 0.1903 	 	 1.1363 	 0.6893 	 1.7906 	 	 0.3296
[2022/07/18 13:11:03] - 75 	 44.3 	 	 38.6 	 	 0.1000 	 1.5245 	 0.3841 	 1.7692 	 	 0.1800 	 	 0.9821 	 0.7256 	 1.8542 	 	 0.3089
[2022/07/18 13:12:26] - 76 	 44.3 	 	 38.6 	 	 0.1000 	 1.5179 	 0.3920 	 1.7673 	 	 0.1850 	 	 1.0360 	 0.7262 	 1.8288 	 	 0.3151
[2022/07/18 13:13:49] - 77 	 44.2 	 	 38.6 	 	 0.1000 	 1.5375 	 0.3696 	 1.7756 	 	 0.1704 	 	 0.9321 	 0.7382 	 1.9237 	 	 0.3058
[2022/07/18 13:15:12] - 78 	 44.3 	 	 38.6 	 	 0.1000 	 1.5243 	 0.3848 	 1.7686 	 	 0.1805 	 	 0.9283 	 0.7430 	 1.8728 	 	 0.3012
[2022/07/18 13:16:35] - 79 	 44.3 	 	 38.6 	 	 0.1000 	 1.5467 	 0.3895 	 1.8011 	 	 0.1766 	 	 1.0256 	 0.7300 	 1.7667 	 	 0.3504
[2022/07/18 13:17:59] - 80 	 44.7 	 	 38.6 	 	 0.1000 	 1.5255 	 0.3718 	 1.7699 	 	 0.1703 	 	 1.0191 	 0.7452 	 1.8025 	 	 0.3175
[2022/07/18 13:19:21] - 81 	 44.2 	 	 38.6 	 	 0.1000 	 1.5512 	 0.3876 	 1.8069 	 	 0.1764 	 	 1.0666 	 0.7250 	 1.7664 	 	 0.3380
[2022/07/18 13:20:45] - 82 	 44.6 	 	 38.6 	 	 0.1000 	 1.5189 	 0.4042 	 1.7758 	 	 0.1883 	 	 1.0144 	 0.7111 	 1.6728 	 	 0.3752
[2022/07/18 13:22:08] - 83 	 44.3 	 	 38.6 	 	 0.1000 	 1.5297 	 0.3855 	 1.7810 	 	 0.1790 	 	 1.2339 	 0.6291 	 1.8291 	 	 0.3295
[2022/07/18 13:23:31] - 84 	 44.3 	 	 38.6 	 	 0.1000 	 1.5107 	 0.3836 	 1.7610 	 	 0.1812 	 	 1.0552 	 0.6940 	 1.8556 	 	 0.3176
[2022/07/18 13:24:54] - 85 	 44.2 	 	 38.6 	 	 0.1000 	 1.5252 	 0.4017 	 1.7817 	 	 0.1907 	 	 1.1795 	 0.6768 	 1.8278 	 	 0.3151
[2022/07/18 13:26:17] - 86 	 44.4 	 	 38.6 	 	 0.1000 	 1.5378 	 0.3979 	 1.7851 	 	 0.1893 	 	 0.9384 	 0.7261 	 1.8146 	 	 0.3271
[2022/07/18 13:27:40] - 87 	 44.3 	 	 38.6 	 	 0.1000 	 1.5329 	 0.3997 	 1.7837 	 	 0.1885 	 	 0.9494 	 0.7498 	 1.8912 	 	 0.3003
[2022/07/18 13:29:03] - 88 	 44.7 	 	 38.6 	 	 0.1000 	 1.5302 	 0.3957 	 1.7854 	 	 0.1879 	 	 0.9578 	 0.7523 	 1.8443 	 	 0.3181
[2022/07/18 13:30:26] - 89 	 44.2 	 	 38.7 	 	 0.1000 	 1.4972 	 0.3976 	 1.7564 	 	 0.1896 	 	 0.9460 	 0.7454 	 1.7487 	 	 0.3443
[2022/07/18 13:31:49] - 90 	 44.2 	 	 38.7 	 	 0.1000 	 1.5319 	 0.4102 	 1.7947 	 	 0.1965 	 	 1.1606 	 0.6613 	 1.7977 	 	 0.3323
[2022/07/18 13:33:12] - 91 	 44.3 	 	 38.6 	 	 0.1000 	 1.5217 	 0.3701 	 1.7568 	 	 0.1703 	 	 1.2105 	 0.6416 	 1.9255 	 	 0.2763
[2022/07/18 13:34:35] - 92 	 44.3 	 	 38.6 	 	 0.1000 	 1.5116 	 0.3964 	 1.7711 	 	 0.1872 	 	 1.1521 	 0.6946 	 1.8718 	 	 0.3138
[2022/07/18 13:35:58] - 93 	 44.2 	 	 38.7 	 	 0.1000 	 1.5241 	 0.4015 	 1.7772 	 	 0.1900 	 	 0.8674 	 0.7649 	 1.9255 	 	 0.3016
[2022/07/18 13:37:21] - 94 	 44.4 	 	 38.6 	 	 0.1000 	 1.5626 	 0.4074 	 1.8122 	 	 0.1879 	 	 1.0947 	 0.7054 	 1.7618 	 	 0.3405
[2022/07/18 13:38:44] - 95 	 44.3 	 	 38.6 	 	 0.1000 	 1.5113 	 0.3848 	 1.7571 	 	 0.1831 	 	 0.9556 	 0.7363 	 1.7883 	 	 0.3275
[2022/07/18 13:40:07] - 96 	 44.3 	 	 38.6 	 	 0.1000 	 1.5640 	 0.4219 	 1.8289 	 	 0.2031 	 	 1.0697 	 0.7201 	 1.7759 	 	 0.3409
[2022/07/18 13:41:29] - 97 	 44.3 	 	 38.6 	 	 0.1000 	 1.5205 	 0.4129 	 1.7807 	 	 0.1996 	 	 0.8516 	 0.7523 	 2.0272 	 	 0.2833
[2022/07/18 13:42:52] - 98 	 44.3 	 	 38.6 	 	 0.1000 	 1.5525 	 0.3982 	 1.8067 	 	 0.1853 	 	 1.1298 	 0.6841 	 1.8424 	 	 0.2997
[2022/07/18 13:44:15] - 99 	 44.3 	 	 38.6 	 	 0.0100 	 1.5229 	 0.4024 	 1.7768 	 	 0.1967 	 	 1.1413 	 0.6708 	 1.9497 	 	 0.2713
[2022/07/18 13:45:39] - 100 	 44.3 	 	 38.6 	 	 0.0100 	 1.4569 	 0.4300 	 1.6847 	 	 0.2211 	 	 0.7995 	 0.8006 	 1.6370 	 	 0.3907
[2022/07/18 13:47:02] - 101 	 44.3 	 	 38.6 	 	 0.0100 	 1.4132 	 0.4316 	 1.6382 	 	 0.2252 	 	 0.6856 	 0.8284 	 1.6573 	 	 0.3758
[2022/07/18 13:48:25] - 102 	 44.4 	 	 38.6 	 	 0.0100 	 1.3986 	 0.4459 	 1.6334 	 	 0.2375 	 	 0.7454 	 0.8159 	 1.6307 	 	 0.3880
[2022/07/18 13:49:48] - 103 	 44.3 	 	 38.7 	 	 0.0100 	 1.3985 	 0.4235 	 1.6191 	 	 0.2218 	 	 0.8247 	 0.8060 	 1.6185 	 	 0.3947
[2022/07/18 13:51:11] - 104 	 44.2 	 	 38.6 	 	 0.0100 	 1.3673 	 0.4167 	 1.5821 	 	 0.2210 	 	 0.9027 	 0.7855 	 1.6659 	 	 0.3875
[2022/07/18 13:52:34] - 105 	 44.4 	 	 38.6 	 	 0.0100 	 1.4023 	 0.4348 	 1.6295 	 	 0.2262 	 	 0.8891 	 0.7886 	 1.6552 	 	 0.3837
[2022/07/18 13:53:57] - 106 	 44.3 	 	 38.6 	 	 0.0100 	 1.3598 	 0.4244 	 1.5816 	 	 0.2252 	 	 0.7600 	 0.8095 	 1.6448 	 	 0.3893
[2022/07/18 13:55:20] - 107 	 44.3 	 	 38.6 	 	 0.0100 	 1.3650 	 0.4352 	 1.5883 	 	 0.2272 	 	 0.7004 	 0.8307 	 1.6434 	 	 0.3911
[2022/07/18 13:56:42] - 108 	 44.3 	 	 38.6 	 	 0.0100 	 1.3322 	 0.4472 	 1.5677 	 	 0.2436 	 	 0.7448 	 0.8188 	 1.6199 	 	 0.3906
[2022/07/18 13:58:05] - 109 	 44.3 	 	 38.6 	 	 0.0100 	 1.3615 	 0.4475 	 1.5966 	 	 0.2416 	 	 0.7413 	 0.8305 	 1.6391 	 	 0.3835
[2022/07/18 13:59:29] - 110 	 44.4 	 	 38.6 	 	 0.0100 	 1.3338 	 0.4395 	 1.5637 	 	 0.2400 	 	 0.8120 	 0.8073 	 1.6288 	 	 0.3967
[2022/07/18 14:00:52] - 111 	 44.3 	 	 38.6 	 	 0.0100 	 1.3201 	 0.4251 	 1.5431 	 	 0.2254 	 	 0.7974 	 0.8201 	 1.6431 	 	 0.3900
[2022/07/18 14:02:15] - 112 	 44.2 	 	 38.6 	 	 0.0100 	 1.3503 	 0.4394 	 1.5805 	 	 0.2332 	 	 0.7288 	 0.8301 	 1.6849 	 	 0.3847
[2022/07/18 14:03:38] - 113 	 44.3 	 	 38.6 	 	 0.0100 	 1.3133 	 0.4438 	 1.5497 	 	 0.2394 	 	 0.7532 	 0.8321 	 1.6387 	 	 0.3827
[2022/07/18 14:05:01] - 114 	 44.4 	 	 38.6 	 	 0.0100 	 1.3117 	 0.4386 	 1.5459 	 	 0.2397 	 	 0.7720 	 0.8156 	 1.6229 	 	 0.3986
[2022/07/18 14:06:24] - 115 	 44.2 	 	 38.6 	 	 0.0100 	 1.3332 	 0.4372 	 1.5690 	 	 0.2350 	 	 0.6767 	 0.8480 	 1.6574 	 	 0.3876
[2022/07/18 14:07:47] - 116 	 44.3 	 	 38.6 	 	 0.0100 	 1.3032 	 0.4435 	 1.5415 	 	 0.2430 	 	 0.6613 	 0.8500 	 1.6918 	 	 0.3720
[2022/07/18 14:09:09] - 117 	 44.3 	 	 38.6 	 	 0.0100 	 1.3414 	 0.4476 	 1.5757 	 	 0.2389 	 	 0.7621 	 0.8150 	 1.6512 	 	 0.3826
[2022/07/18 14:10:32] - 118 	 44.2 	 	 38.6 	 	 0.0100 	 1.3304 	 0.4260 	 1.5567 	 	 0.2262 	 	 0.8811 	 0.7860 	 1.6652 	 	 0.3834
[2022/07/18 14:11:55] - 119 	 44.2 	 	 38.6 	 	 0.0100 	 1.3192 	 0.4368 	 1.5546 	 	 0.2353 	 	 0.6770 	 0.8465 	 1.6841 	 	 0.3772
[2022/07/18 14:13:18] - 120 	 44.4 	 	 38.6 	 	 0.0100 	 1.3353 	 0.4392 	 1.5725 	 	 0.2363 	 	 0.7413 	 0.8303 	 1.6311 	 	 0.3909
[2022/07/18 14:14:41] - 121 	 44.2 	 	 38.7 	 	 0.0100 	 1.3027 	 0.4536 	 1.5484 	 	 0.2462 	 	 0.6493 	 0.8533 	 1.6534 	 	 0.3915
[2022/07/18 14:16:04] - 122 	 44.3 	 	 38.6 	 	 0.0100 	 1.3312 	 0.4579 	 1.5751 	 	 0.2465 	 	 0.7929 	 0.8275 	 1.6224 	 	 0.3948
[2022/07/18 14:17:27] - 123 	 44.3 	 	 38.6 	 	 0.0100 	 1.3227 	 0.4377 	 1.5583 	 	 0.2372 	 	 0.7969 	 0.8179 	 1.6836 	 	 0.3796
[2022/07/18 14:18:50] - 124 	 44.3 	 	 38.6 	 	 0.0100 	 1.3153 	 0.4328 	 1.5544 	 	 0.2324 	 	 0.8790 	 0.7998 	 1.6048 	 	 0.4093
[2022/07/18 14:20:13] - 125 	 44.4 	 	 38.6 	 	 0.0100 	 1.3320 	 0.4512 	 1.5770 	 	 0.2433 	 	 0.7129 	 0.8471 	 1.7145 	 	 0.3684
[2022/07/18 14:21:36] - 126 	 44.2 	 	 38.6 	 	 0.0100 	 1.2758 	 0.4366 	 1.5117 	 	 0.2362 	 	 0.6473 	 0.8499 	 1.7027 	 	 0.3686
[2022/07/18 14:22:59] - 127 	 44.3 	 	 38.6 	 	 0.0100 	 1.3318 	 0.4471 	 1.5750 	 	 0.2367 	 	 0.8072 	 0.8092 	 1.6775 	 	 0.3806
[2022/07/18 14:24:22] - 128 	 44.4 	 	 38.6 	 	 0.0100 	 1.3136 	 0.4419 	 1.5526 	 	 0.2372 	 	 0.7642 	 0.8276 	 1.6302 	 	 0.3928
[2022/07/18 14:25:45] - 129 	 44.3 	 	 38.6 	 	 0.0100 	 1.3245 	 0.4346 	 1.5582 	 	 0.2302 	 	 0.6111 	 0.8506 	 1.6709 	 	 0.3886
[2022/07/18 14:27:08] - 130 	 44.3 	 	 38.6 	 	 0.0100 	 1.2812 	 0.4446 	 1.5261 	 	 0.2408 	 	 0.7729 	 0.8305 	 1.6973 	 	 0.3747
[2022/07/18 14:28:31] - 131 	 44.3 	 	 38.6 	 	 0.0100 	 1.3277 	 0.4334 	 1.5607 	 	 0.2284 	 	 0.8121 	 0.8252 	 1.6281 	 	 0.3951
[2022/07/18 14:29:54] - 132 	 44.3 	 	 38.6 	 	 0.0100 	 1.3245 	 0.4301 	 1.5618 	 	 0.2266 	 	 0.6999 	 0.8493 	 1.7029 	 	 0.3688
[2022/07/18 14:31:17] - 133 	 44.3 	 	 38.6 	 	 0.0100 	 1.3151 	 0.4511 	 1.5603 	 	 0.2392 	 	 0.8194 	 0.7988 	 1.6227 	 	 0.3914
[2022/07/18 14:32:40] - 134 	 44.3 	 	 38.6 	 	 0.0100 	 1.3213 	 0.4524 	 1.5682 	 	 0.2418 	 	 0.6509 	 0.8494 	 1.6876 	 	 0.3851
[2022/07/18 14:34:03] - 135 	 44.3 	 	 38.6 	 	 0.0100 	 1.2794 	 0.4671 	 1.5334 	 	 0.2568 	 	 0.8157 	 0.8206 	 1.6720 	 	 0.3713
[2022/07/18 14:35:25] - 136 	 44.2 	 	 38.6 	 	 0.0100 	 1.3216 	 0.4574 	 1.5716 	 	 0.2436 	 	 0.5503 	 0.8586 	 1.7289 	 	 0.3850
[2022/07/18 14:36:48] - 137 	 44.3 	 	 38.6 	 	 0.0100 	 1.2930 	 0.4246 	 1.5233 	 	 0.2264 	 	 0.8173 	 0.8258 	 1.6560 	 	 0.3902
[2022/07/18 14:38:11] - 138 	 44.3 	 	 38.6 	 	 0.0100 	 1.3105 	 0.4820 	 1.5754 	 	 0.2626 	 	 0.7419 	 0.8178 	 1.6443 	 	 0.3890
[2022/07/18 14:39:34] - 139 	 44.3 	 	 38.6 	 	 0.0100 	 1.2976 	 0.4441 	 1.5407 	 	 0.2391 	 	 0.7577 	 0.8294 	 1.6599 	 	 0.3844
[2022/07/18 14:40:57] - 140 	 44.3 	 	 38.6 	 	 0.0100 	 1.2777 	 0.4936 	 1.5486 	 	 0.2720 	 	 0.7987 	 0.8093 	 1.5921 	 	 0.4126
[2022/07/18 14:42:21] - 141 	 44.3 	 	 38.6 	 	 0.0100 	 1.2986 	 0.4589 	 1.5543 	 	 0.2501 	 	 0.7343 	 0.8380 	 1.6700 	 	 0.3799
[2022/07/18 14:43:44] - 142 	 44.5 	 	 38.6 	 	 0.0100 	 1.2904 	 0.4455 	 1.5321 	 	 0.2419 	 	 0.7306 	 0.8220 	 1.5852 	 	 0.4112
[2022/07/18 14:45:07] - 143 	 44.4 	 	 38.6 	 	 0.0100 	 1.2898 	 0.4550 	 1.5368 	 	 0.2478 	 	 0.7929 	 0.7955 	 1.6892 	 	 0.3826
[2022/07/18 14:46:30] - 144 	 44.3 	 	 38.6 	 	 0.0100 	 1.2885 	 0.4824 	 1.5537 	 	 0.2641 	 	 0.7293 	 0.8217 	 1.6134 	 	 0.3970
[2022/07/18 14:47:53] - 145 	 44.4 	 	 38.6 	 	 0.0100 	 1.2926 	 0.4572 	 1.5442 	 	 0.2491 	 	 0.5939 	 0.8542 	 1.7064 	 	 0.3787
[2022/07/18 14:49:16] - 146 	 44.3 	 	 38.6 	 	 0.0100 	 1.2942 	 0.4575 	 1.5449 	 	 0.2484 	 	 0.8375 	 0.8070 	 1.6226 	 	 0.4002
[2022/07/18 14:50:39] - 147 	 44.3 	 	 38.6 	 	 0.0100 	 1.2917 	 0.4903 	 1.5615 	 	 0.2666 	 	 0.9064 	 0.7905 	 1.6559 	 	 0.3959
[2022/07/18 14:52:01] - 148 	 44.3 	 	 38.6 	 	 0.0100 	 1.3004 	 0.4267 	 1.5364 	 	 0.2230 	 	 0.7253 	 0.8436 	 1.7331 	 	 0.3678
[2022/07/18 14:53:24] - 149 	 44.2 	 	 38.7 	 	 0.0010 	 1.2777 	 0.4485 	 1.5231 	 	 0.2426 	 	 0.7706 	 0.8300 	 1.6562 	 	 0.3884
[2022/07/18 14:54:48] - 150 	 44.3 	 	 38.6 	 	 0.0010 	 1.2616 	 0.4518 	 1.4858 	 	 0.2555 	 	 0.6987 	 0.8586 	 1.6564 	 	 0.3962
[2022/07/18 14:56:10] - 151 	 44.2 	 	 38.6 	 	 0.0010 	 1.2628 	 0.4755 	 1.5005 	 	 0.2673 	 	 0.7060 	 0.8528 	 1.5940 	 	 0.4172
[2022/07/18 14:57:34] - 152 	 44.2 	 	 38.6 	 	 0.0010 	 1.2685 	 0.4426 	 1.4831 	 	 0.2442 	 	 0.6948 	 0.8619 	 1.5839 	 	 0.4190
[2022/07/18 14:58:57] - 153 	 44.3 	 	 38.6 	 	 0.0010 	 1.2663 	 0.4628 	 1.4895 	 	 0.2581 	 	 0.7060 	 0.8521 	 1.5668 	 	 0.4276
[2022/07/18 15:00:20] - 154 	 44.3 	 	 38.6 	 	 0.0010 	 1.2446 	 0.4522 	 1.4643 	 	 0.2554 	 	 0.5187 	 0.8785 	 1.6205 	 	 0.4185
[2022/07/18 15:01:43] - 155 	 44.3 	 	 38.6 	 	 0.0010 	 1.2398 	 0.4541 	 1.4571 	 	 0.2592 	 	 0.6432 	 0.8656 	 1.5994 	 	 0.4185
[2022/07/18 15:03:06] - 156 	 44.3 	 	 38.6 	 	 0.0010 	 1.1742 	 0.4833 	 1.4082 	 	 0.2901 	 	 0.6606 	 0.8659 	 1.6488 	 	 0.4062
[2022/07/18 15:04:28] - 157 	 44.3 	 	 38.6 	 	 0.0010 	 1.1895 	 0.4753 	 1.4183 	 	 0.2801 	 	 0.6052 	 0.8684 	 1.6080 	 	 0.4157
[2022/07/18 15:05:51] - 158 	 44.3 	 	 38.6 	 	 0.0010 	 1.1768 	 0.4705 	 1.4041 	 	 0.2764 	 	 0.5615 	 0.8725 	 1.6249 	 	 0.4162
[2022/07/18 15:07:14] - 159 	 44.3 	 	 38.6 	 	 0.0010 	 1.2198 	 0.4655 	 1.4462 	 	 0.2690 	 	 0.6154 	 0.8747 	 1.5887 	 	 0.4271
[2022/07/18 15:08:38] - 160 	 44.2 	 	 38.6 	 	 0.0010 	 1.2157 	 0.4662 	 1.4420 	 	 0.2681 	 	 0.6721 	 0.8622 	 1.6287 	 	 0.4070
[2022/07/18 15:10:00] - 161 	 44.4 	 	 38.6 	 	 0.0010 	 1.2465 	 0.4614 	 1.4697 	 	 0.2609 	 	 0.7408 	 0.8478 	 1.6400 	 	 0.4033
[2022/07/18 15:11:24] - 162 	 44.4 	 	 38.6 	 	 0.0010 	 1.2258 	 0.4795 	 1.4560 	 	 0.2770 	 	 0.7400 	 0.8529 	 1.6088 	 	 0.4180
[2022/07/18 15:12:46] - 163 	 44.3 	 	 38.6 	 	 0.0010 	 1.2084 	 0.4727 	 1.4365 	 	 0.2767 	 	 0.5674 	 0.8776 	 1.6254 	 	 0.4147
[2022/07/18 15:14:09] - 164 	 44.2 	 	 38.6 	 	 0.0010 	 1.1935 	 0.4598 	 1.4157 	 	 0.2722 	 	 0.6255 	 0.8749 	 1.6243 	 	 0.4139
[2022/07/18 15:15:32] - 165 	 44.2 	 	 38.6 	 	 0.0010 	 1.2351 	 0.4602 	 1.4542 	 	 0.2633 	 	 0.6095 	 0.8748 	 1.6533 	 	 0.4095
[2022/07/18 15:16:55] - 166 	 44.2 	 	 38.6 	 	 0.0010 	 1.1938 	 0.5068 	 1.4360 	 	 0.3024 	 	 0.5253 	 0.8830 	 1.6355 	 	 0.4214
[2022/07/18 15:18:18] - 167 	 44.5 	 	 38.6 	 	 0.0010 	 1.1977 	 0.4774 	 1.4247 	 	 0.2803 	 	 0.7013 	 0.8604 	 1.6114 	 	 0.4147
[2022/07/18 15:19:41] - 168 	 44.3 	 	 38.6 	 	 0.0010 	 1.2173 	 0.4937 	 1.4551 	 	 0.2894 	 	 0.7447 	 0.8474 	 1.6356 	 	 0.4071
[2022/07/18 15:21:04] - 169 	 44.2 	 	 38.5 	 	 0.0010 	 1.1950 	 0.4711 	 1.4202 	 	 0.2785 	 	 0.6852 	 0.8580 	 1.6311 	 	 0.4150
[2022/07/18 15:22:27] - 170 	 44.2 	 	 38.6 	 	 0.0010 	 1.1638 	 0.4976 	 1.3986 	 	 0.2968 	 	 0.6462 	 0.8709 	 1.5983 	 	 0.4242
[2022/07/18 15:23:50] - 171 	 44.3 	 	 38.6 	 	 0.0010 	 1.1967 	 0.4563 	 1.4177 	 	 0.2696 	 	 0.5488 	 0.8817 	 1.6416 	 	 0.4151
[2022/07/18 15:25:13] - 172 	 44.2 	 	 38.6 	 	 0.0010 	 1.2419 	 0.4723 	 1.4655 	 	 0.2714 	 	 0.7184 	 0.8594 	 1.5869 	 	 0.4207
[2022/07/18 15:26:36] - 173 	 44.2 	 	 38.7 	 	 0.0010 	 1.2051 	 0.4640 	 1.4269 	 	 0.2680 	 	 0.5929 	 0.8774 	 1.6519 	 	 0.4090
[2022/07/18 15:27:59] - 174 	 44.3 	 	 38.6 	 	 0.0010 	 1.2154 	 0.4691 	 1.4371 	 	 0.2685 	 	 0.7063 	 0.8629 	 1.6432 	 	 0.4024
[2022/07/18 15:29:22] - 175 	 44.2 	 	 38.6 	 	 0.0010 	 1.2122 	 0.4926 	 1.4488 	 	 0.2873 	 	 0.7214 	 0.8550 	 1.6355 	 	 0.4104
[2022/07/18 15:30:45] - 176 	 44.3 	 	 38.6 	 	 0.0010 	 1.2202 	 0.4656 	 1.4393 	 	 0.2689 	 	 0.7184 	 0.8592 	 1.6770 	 	 0.3979
[2022/07/18 15:32:08] - 177 	 44.4 	 	 38.7 	 	 0.0010 	 1.1702 	 0.4947 	 1.4051 	 	 0.2958 	 	 0.6241 	 0.8659 	 1.5953 	 	 0.4302
[2022/07/18 15:33:31] - 178 	 44.3 	 	 38.7 	 	 0.0010 	 1.2195 	 0.4782 	 1.4487 	 	 0.2703 	 	 0.6607 	 0.8664 	 1.5940 	 	 0.4252
[2022/07/18 15:34:54] - 179 	 44.2 	 	 38.6 	 	 0.0010 	 1.2038 	 0.4502 	 1.4182 	 	 0.2588 	 	 0.5558 	 0.8798 	 1.6787 	 	 0.4088
[2022/07/18 15:36:17] - 180 	 44.3 	 	 38.6 	 	 0.0010 	 1.1551 	 0.4717 	 1.3778 	 	 0.2794 	 	 0.5924 	 0.8774 	 1.6244 	 	 0.4191
[2022/07/18 15:37:40] - 181 	 44.2 	 	 38.6 	 	 0.0010 	 1.2081 	 0.4865 	 1.4398 	 	 0.2860 	 	 0.7121 	 0.8639 	 1.6701 	 	 0.4058
[2022/07/18 15:39:03] - 182 	 44.2 	 	 38.7 	 	 0.0010 	 1.1879 	 0.4567 	 1.4054 	 	 0.2676 	 	 0.5901 	 0.8762 	 1.5834 	 	 0.4330
[2022/07/18 15:40:26] - 183 	 44.2 	 	 38.6 	 	 0.0010 	 1.1942 	 0.4665 	 1.4158 	 	 0.2726 	 	 0.6181 	 0.8798 	 1.6252 	 	 0.4185
[2022/07/18 15:41:49] - 184 	 44.3 	 	 38.6 	 	 0.0010 	 1.2111 	 0.5096 	 1.4530 	 	 0.2994 	 	 0.6320 	 0.8698 	 1.5912 	 	 0.4286
[2022/07/18 15:43:12] - 185 	 44.2 	 	 38.6 	 	 0.0010 	 1.1682 	 0.4552 	 1.3842 	 	 0.2695 	 	 0.7153 	 0.8615 	 1.6582 	 	 0.4046
[2022/07/18 15:44:35] - 186 	 44.3 	 	 38.6 	 	 0.0010 	 1.1536 	 0.4869 	 1.3856 	 	 0.2978 	 	 0.5716 	 0.8811 	 1.6619 	 	 0.4177
[2022/07/18 15:45:58] - 187 	 44.3 	 	 38.6 	 	 0.0010 	 1.1892 	 0.4880 	 1.4257 	 	 0.2897 	 	 0.6999 	 0.8580 	 1.6136 	 	 0.4228
[2022/07/18 15:47:21] - 188 	 44.3 	 	 38.6 	 	 0.0010 	 1.1714 	 0.4772 	 1.3982 	 	 0.2853 	 	 0.6040 	 0.8822 	 1.6239 	 	 0.4202
[2022/07/18 15:48:43] - 189 	 44.2 	 	 38.6 	 	 0.0010 	 1.2140 	 0.4674 	 1.4342 	 	 0.2714 	 	 0.7520 	 0.8595 	 1.6676 	 	 0.4040
[2022/07/18 15:50:07] - 190 	 44.3 	 	 38.6 	 	 0.0010 	 1.1882 	 0.4869 	 1.4210 	 	 0.2914 	 	 0.7060 	 0.8548 	 1.6255 	 	 0.4140
[2022/07/18 15:51:30] - 191 	 44.2 	 	 38.6 	 	 0.0010 	 1.1729 	 0.4938 	 1.4056 	 	 0.2916 	 	 0.6953 	 0.8555 	 1.5916 	 	 0.4257
[2022/07/18 15:52:52] - 192 	 44.3 	 	 38.6 	 	 0.0010 	 1.1875 	 0.4826 	 1.4157 	 	 0.2859 	 	 0.6381 	 0.8613 	 1.6596 	 	 0.4100
[2022/07/18 15:54:15] - 193 	 44.2 	 	 38.7 	 	 0.0010 	 1.1816 	 0.4952 	 1.4164 	 	 0.2954 	 	 0.5770 	 0.8750 	 1.6895 	 	 0.4135
[2022/07/18 15:55:38] - 194 	 44.3 	 	 38.6 	 	 0.0010 	 1.2291 	 0.4991 	 1.4635 	 	 0.2857 	 	 0.6147 	 0.8743 	 1.6595 	 	 0.4124
[2022/07/18 15:57:01] - 195 	 44.3 	 	 38.6 	 	 0.0010 	 1.2228 	 0.4812 	 1.4517 	 	 0.2792 	 	 0.6600 	 0.8729 	 1.6017 	 	 0.4298
[2022/07/18 15:58:24] - 196 	 44.3 	 	 38.7 	 	 0.0010 	 1.1609 	 0.4744 	 1.3875 	 	 0.2842 	 	 0.7578 	 0.8588 	 1.6164 	 	 0.4177
[2022/07/18 15:59:47] - 197 	 44.3 	 	 38.7 	 	 0.0010 	 1.2035 	 0.4840 	 1.4352 	 	 0.2806 	 	 0.5146 	 0.8885 	 1.6694 	 	 0.4158
[2022/07/18 16:01:10] - 198 	 44.4 	 	 38.6 	 	 0.0010 	 1.1785 	 0.4802 	 1.4077 	 	 0.2855 	 	 0.6819 	 0.8657 	 1.5901 	 	 0.4273
[2022/07/18 16:02:33] - 199 	 44.3 	 	 38.6 	 	 0.0010 	 1.1860 	 0.4848 	 1.4151 	 	 0.2868 	 	 0.6270 	 0.8744 	 1.6547 	 	 0.4147